0.00000 53.99999
0.02000 53.31999
0.04000 52.63999
0.06000 51.95999
0.08000 51.27999
0.10000 50.59999
0.12000 49.91999
0.14000 49.23999
0.16000 48.55999
0.18000 47.87999
0.20000 47.19999
0.22000 46.51999
0.24000 45.83999
0.26000 45.15999
0.28000 44.47999
0.30000 43.79999
0.32000 43.11999
0.34000 42.44000
0.36000 41.76000
0.38000 41.08000
0.40000 40.40000
0.42000 39.72000
0.44000 39.04000
0.46000 38.36000
0.48000 37.68000
0.50000 37.00000
0.52000 36.32000
0.54000 35.64000
0.56000 34.96000
0.58000 34.28000
0.60000 33.60000
0.62000 32.92000
0.64000 32.24000
0.66000 31.56000
0.68000 30.88000
0.70000 30.20000
0.72000 29.52000
0.74000 28.84000
0.76000 28.16000
0.78000 27.48000
0.80000 26.80000
0.82000 26.12000
0.84000 25.44000
0.86000 24.76000
0.88000 24.08000
0.90000 23.40000
0.92000 22.72000
0.94000 22.04000
0.96000 21.36000
0.98000 20.68000
1.00000 20.00000
1.02000 19.66000
1.04000 19.32000
1.06000 18.98000
1.08000 18.64000
1.10000 18.30000
1.12000 17.96000
1.14000 17.62000
1.16000 17.28000
1.18000 16.94000
1.20000 16.60000
1.22000 16.26000
1.24000 15.92000
1.26000 15.58000
1.28000 15.24000
1.30000 14.90000
1.32000 14.56000
1.34000 14.22000
1.36000 13.88000
1.38000 13.54000
1.40000 13.20000
1.42000 12.86000
1.44000 12.52000
1.46000 12.18000
1.48000 11.84000
1.50000 11.50000
1.52000 11.16000
1.54000 10.82000
1.56000 10.48000
1.58000 10.14000
1.60000 9.80000
1.62000 9.46000
1.64000 9.12000
1.66000 8.78000
1.68000 8.44000
1.70000 8.10000
1.72000 7.76000
1.74000 7.42000
1.76000 7.08000
1.78000 6.74000
1.80000 6.40000
1.82000 6.06000
1.84000 5.72000
1.86000 5.38000
1.88000 5.04000
1.90000 4.70000
1.92000 4.36000
1.94000 4.02000
1.96000 3.68000
1.98000 3.34000
